"14"
8433
1817
2026
1818
1903
2031
2057
1916
1661
1927
1690
1666
1867
1653
1977
1811
2018
1908
1952
"14"
4472702
4472704
4472706
4472708
4472710
4472712
4472714
4472716
4472718
4472720
6095576
4472724
4472725
4472726
4472728
4472729
4472731
5150868
4472733
4472735
4472737
4472739
4913357
4472742
4472744
4472746
4472747
4472748
4472749
4472751
4472752
4472754
4472756
4472758
4472760
4472761
4472762
4472763
4472765
4472767
4472768
4472770
4472771
4472773
4473043
4473045
4473047
4473049
4473051
4473053
4473055
4473057
4473059
4473061
5419727
4473062
4473064
4473065
4473067
4473069
4473071
4473073
4473075
4473077
4473079
4473081
4473082
4473084
4473086
4473088
4473090
4473092
4473094
4473096
4473098
4473099
4473101
4473103
4473105
4473106
4473108
4473110
4473112
4473114
4473116
4473117
4473118
4473119
4473115
4473113
4473111
4473109
4473107
4473120
4473104
4473102
4473100
4473121
4473097
4473093
4473095
4473091
4473089
4473085
4473087
4473083
4473122
4473080
4473078
4473074
4473076
4473072
4473070
4473068
4473066
4473123
4473063
4473124
4473060
4473058
4473054
4473056
4473050
4473048
4473052
4473046
4473044
"B"
48431
1706
1777
1628
1663
2056
2070
1999
1923
2054
1918
2077
1968
1672
1866
1650
1998
1976
1960
1921
2047
2059
2006
1778
1912
2045
1941
1853
1810
1809
"A"
6591780
6591781
6591777
6591775
6591782
6591783
6591784
6591785
6591786
6591787
6591769
6591767
6591788
6591789
6591790
6591791
6591792
6591760
6591757
6591753
6591751
6591749
6591746
6591793
6591744
6591742
6591740
6591738
6591734
6591736
6591732
6591730
6591726
6591728
6591724
6591722
6591720
6591718
6591714
6591716
6591794
6591795
6591710
6591708
6591706
6591705
6591707
6591709
6591711
6591712
6591713
6591715
6591717
6591719
6591721
6591723
6591725
6591727
6591729
6591731
6591733
6591735
6591737
6591739
6591741
6591743
6591745
6591747
6591748
6591750
6591752
6591754
6591755
6591756
6591758
6591759
6591761
6591762
6591763
6591764
6591765
6591766
6591768
6591770
6591771
6591772
6591773
6591774
6591776
6591778
6591779
"7"
1911
1944
2055
1744
1985
2080
1703
1676
1860
2085
1954
1800
2015
1849
1971
1847
1757
1774
1806
1966
1805
1681
1907
1649
2020
1854
1648
1685
1876
1925
1639
1696
1695
"7"
1911
1944
2055
1744
1985
2080
1703
1676
1860
2085
1954
1800
2015
1849
1971
1847
1757
1774
1806
1966
1805
1681
1907
1649
2020
1854
1648
1685
1876
1808
1740
1734
1790
1871
"7"
2301
2400
2412
2418
2347
2272
2495
2528
2321
2139
2529
2232
2491
2344
2221
2345
2384
2435
2314
2226
2316
2134
2373
2209
2546
2327
2486
2448
2093
2175
2422
2104
2199
2236
"7"
2505
2506
2519
2250
2272
2495
2528
2321
2139
2529
2232
2491
2344
2221
2345
2384
2435
2314
2226
2316
2134
2373
2209
2546
2327
2486
2448
2093
2175
2422
2104
2199
2236
"B"
2483
2178
2127
2239
2130
2381
2249
2332
2386
2385
2348
2095
2237
2195
2166
2187
2530
2333
2482
2223
2126
2243
2103
2248
2188
2119
2105
2507
2508
2387
2451
48432
"B"
2187
2530
2333
2482
2223
2126
2243
2103
2248
2188
2119
2105
2507
2508
2387
2451
48432
"14"
4533005
4533007
4533009
6401768
4533013
4533015
4533017
4533018
4533020
4533022
4533024
4533026
4533027
4533029
4533031
4533033
4533035
4533037
4533039
4533041
4533043
4533045
4533047
4533049
4533050
4533048
4533046
4533044
4533040
4533042
4533038
4533036
4533034
4533032
4533030
4533028
4533051
4533025
4533023
4533021
4533019
4533016
4533014
6401769
4533010
4533008
4533006
4533052
"1"
6408746
6408747
6408748
6408749
6408750
6408751
6408752
6408753
6408754
6408755
6408756
6408757
6408758
6408759
6408760
6408761
"9"
2269
2183
2449
2423
2278
2133
2531
2454
2151
2513
2459
2311
2527
2488
2190
2457
2447
2227
2286
2460
2358
2441
2201
2162
2291
2517
2453
2242
2440
2295
2353
2355
2261
2425
"9"
1804
2088
1884
1747
1936
1814
1816
1899
1762
1917
1708
1637
1895
2043
1946
1730
1819
1715
1890
1972
1702
1712
2001
1678
1647
1844
1714
1633
2032
1709
1651
2014
1882
1745
"B"
3681486
3681487
3681488
3681489
3681490
3681491
3681492
3681493
3681494
3681495
3681496
3681497
3681498
3681499
3681500
3681501
3681502
3681503
4146258
3681506
3681507
3681508
3681509
3681510
3681511
3681512
3681513
3681514
3681515
3681516
3681517
3681518
3681519
3681520
3681521
3681522
4146259
3681525
3681526
3681527
3681528
3681529
3681530
3681531
3681532
3681533
3681534
3681535
3681536
3681537
3681538
3681539
3681540
3681541
3681542
3681543
"13"
1969
1880
1879
1749
1799
1787
1948
1827
1928
1719
1638
1897
2025
1820
1724
1858
1796
1656
2009
1741
1872
1947
1662795
1662797
1969
1880
1879
1749
1799
1787
1948
1827
1928
1719
1638
1897
2025
1820
1724
1858
1796
1656
1888
1748
1959
1874
1692060
1717
1716
140078
1662798
1662796
2202
2268
2419
2165
2536
2406
2325
2469
2359
2144
2293
2518
2464
2253
2366
2203
2397
2372
2427
2275
2276
2224
140079
2461
2462
1692061
2270
2214
2426
2284
2536
2406
2325
2469
2359
2144
2293
2518
2464
2253
2366
2203
2397
2372
2427
2275
2276
2224
"1"
4687322
4687324
4687326
4687328
4687329
4687330
4687332
4687334
4687336
4687338
4687340
4687342
4687344
4687346
4687348
4687350
4687352
4687354
4687356
4687358
4687359
4687361
4687363
4687365
4687367
4687369
4687371
4687373
4687375
"10"
2207
2233
2137
2350
2167
2533
2334
2476
2500
2252
2541
2241
2106
2150
2299
2256
2354
2346
2193
2194
2005
2004
1817
2026
1818
1903
2031
2057
1916
1661
1927
1690
1666
1867
1653
1977
1811
2018
1908
1952
"3"
1949
1737
1950
1785
1728
1779
1766
1683
2050
1765
1662
2007
1760
1846
1889
1722
1935
1630
1881
1634
1786
1738
1862
2044
1802
2341
2163
2329
2416
2396
2514
2277
2510
2260
2467
2285
2313
2438
2196
2542
2375
2099
2493
2376
2389
2471
2395
2205
2415
2204
"8"
3343334
3343336
3343338
3343746
3343753
3343755
3343757
3343759
3343761
3343763
3343765
3343767
3343769
3343771
3343773
3343775
3343777
3343779
3343781
3343783
3343785
3343787
3343789
3343791
3343793
3343795
3343797
3343799
3343801
3343803
3343805
3343807
3343809
3343811
3343813
3343815
3343817
3343819
"2"
2414
2504
2148
2494
2179
2361
2509
2452
2405
2120
2401
2096
2547
2235
2484
2296
2168
2548
2128
2351
2394
2398
2160
2107
2338
"8"
3343825
3343818
3343816
3343814
3343812
3343810
3343808
3343806
3343804
3343802
3343800
3343798
3343796
3343794
3343792
3343790
3343788
3343786
3343784
3343782
3343780
3343778
3343776
3343774
3343772
3343770
3343768
3343766
3343764
3343762
3343760
3343758
3343756
3343754
3343752
3343339
3343337
3343335
"2"
1833
2058
2041
1788
1784
1812
2079
2087
1978
1900
1674
1910
2086
2046
1791
2071
1795
1707
1629
1822
1989
1684
2029
1694
1736
"13"
3901292
2421
2282
2279
2267
2245
2156
2402
2465
2308
2496
2468
2336
2172
2101
2479
2455
2477
2526
2309
2365
2263
2392
2512
2501
2174
2428
2176
2337
"12"
1870
1986
1750
1984
1691
1632
1782
1938
1826
1842
1646
1667
1710
1669
2052
1982
1869
1723
1686
1841
1720
1792
2037
1920
1906
1883
1886
1743
3901291
"11"
2220
2289
2439
2100
967989
2218
2115
2436
2266
2408
2492
2431
2271
1875
1753
1682
1798
1905
1758
2066
1963
967988
2051
1761
1893
1965
"1"
2035
2067
1725
1751
1832
1698
1955
2062
1642
1892
2036
1864
1773
1688
1980
2083
1945
1961
2028
2048
1755
1856
1803
1933
1887
2283
2258
2342
2323
2433
2098
2147
2216
2200
2544
2170
2498
2383
2331
2155
2288
2522
2111
2210
2443
2371
2429
2470
2116
2154
"4"
4028974
2413
2159
2367
2185
2525
2502
2363
2442
2411
2466
2312
2472
2230
2219
2322
2259
2374
2487
2153
2208
2212
2110
2152
2535
2478
2420
"4"
1742
1668
1655
2033
2061
1957
1953
2034
1677
1764
1934
1855
1964
1975
1729
1845
1721
1733
1731
1824
1692
1645
1996
1828
2040
1735
4028973
"5"
2403
2136
2521
2206
2437
2112
2164
2445
2310
2377
2294
2125
2213
2485
2297
2247
2382
2424
2287
2257
2121
2550
"5"
2089
2072
1932
1891
1746
1772
1922
1901
1675
1958
2076
1898
1767
1843
1700
2008
2063
1759
1951
1641
2017
1793
"6"
1834
1789
2065
2081
2082
2068
1644
1974
1836
1794
1987
1962
1640
1997
1763
1930
1825
1781
1665
2016
1657
1926
2069
1780
1687
2073
1909
2030
"6"
2149
2234
2122
2497
2390
2118
2251
2537
2135
2475
2391
2364
2255
2409
2186
2520
2217
2177
2404
2303
2229
2524
2117
2543
2094
2114
2399
2339
"14"
1166840
1166838
6129304
1166834
1166832
1166830
1166828
1166826
1166824
"1"
1166825
1166827
1166829
1166831
1166833
1166835
6129305
1166839
1166841
"A"
1913
2084
2053
1967
1956
1835
1631
1689
1837
2010
1652
1840
1839
1859
1636
"B"
1801
2776542
1878
1643
1894
1829
1913
2084
2053
1967
1956
1835
1631
1689
1837
2010
1652
1840
1839
1859
1636
2012
161468
1885
"A"
2281
161469
2131
2516
2326
2306
2307
2532
2129
2304
2499
2511
2302
2211
2222
2102
2545
2238
2368
2290
2523
2274
2771311
2340
"A"
48429
2022
2021
48433
1983
2039
1878
1643
1894
1829
1913
2084
2053
1967
1956
1835
1631
1689
1837
2010
1652
1840
1839
1859
1636
"A"
2123
2490
2244
2143
2315
2481
2300
2305
2198
2511
2302
2211
2222
2102
2545
2238
2368
2369
2370
2458
2225
2317
2318
2480
"B"
2281
161469
2131
2516
2326
2306
2307
2532
2129
2304
2499
2511
2302
2211
2222
2102
2545
2238
2368
2290
2523
2274
2158
2173
48434
2140
2141
48430
"A"
1670
1851
1850
1970
1713
1831
1830
1829
1913
2084
2053
1967
1956
1835
1631
1943
1838
1904
1671
1848
2024
1919
1680
2074
"A"
2281
161469
2131
2516
2326
2306
2307
2532
2129
2304
2499
2511
2302
2211
2222
2102
2545
2238
2368
2369
2370
2458
"B"
1968
1672
1866
1650
1998
1976
1960
1921
2047
2059
2006
1660
1942
1705
"B"
1821
1697
1693
1664
2056
2070
1999
1923
2054
1918
2077
1968
1672
1866
1650
1998
1976
1960
1921
2047
2059
2006
1660
1942
1705
"B"
2450
2197
2540
2195
2108
2097
2246
2215
2166
2187
2530
2333
2482
2223
2126
2243
2103
2248
2188
2119
2105
2474
2503
2473
2360
